[?25l[0m[7m[38;2;254;254;254m [0m[38;2;0;0;0;48;2;254;254;254m                 [38;2;216;210;203;48;2;252;252;251m▁[38;2;83;42;13;48;2;245;244;243m▁[38;2;65;32;11;48;2;244;244;243m▁[38;2;38;20;14;48;2;244;244;244m▁[38;2;148;142;137;48;2;249;248;249m▁[38;2;254;254;252;48;2;254;252;254m▂[48;2;254;254;254m [38;2;254;253;254m▝[38;2;254;254;254;48;2;254;253;254m▃[48;2;254;254;254m [38;2;254;253;254m▝[38;2;254;254;254;48;2;254;253;254m▃[0m
[7m[38;2;254;254;254m [0m[38;2;0;0;0;48;2;254;254;254m           [38;2;254;254;253m▂[38;2;253;254;254m▁[38;2;247;246;244m▕[38;2;83;53;31;48;2;254;254;253m▃[38;2;77;44;18m▃[38;2;78;44;18m▃[38;2;93;45;17;48;2;217;208;205m▃[38;2;133;52;22;48;2;85;41;15m▃[38;2;120;51;21;48;2;66;32;14m▖[38;2;38;20;7;48;2;39;20;14m▃[38;2;246;245;245;48;2;50;36;30m▐[38;2;253;254;252;48;2;254;253;254m▁[48;2;254;254;254m▂     [0m
[7m[38;2;254;254;254m [0m[38;2;0;0;0;48;2;254;254;254m          [38;2;253;254;253m▕[38;2;254;254;252;48;2;253;254;254m▔[38;2;240;240;238;48;2;107;77;58m▀[38;2;237;235;231;48;2;87;46;13m▀[38;2;167;68;29;48;2;89;50;26m▅[38;2;163;68;29;48;2;81;43;14m▅[38;2;127;64;19;48;2;80;45;16m▅[38;2;141;64;22;48;2;94;46;15m▅[38;2;175;67;28;48;2;133;52;24m▅[38;2;87;33;15;48;2;156;62;26m▝[38;2;124;64;24;48;2;43;18;12m▅[38;2;230;230;225;48;2;80;44;22m▝[38;2;237;237;234;48;2;37;20;8m▀[38;2;94;85;81;48;2;248;249;246m▖[38;2;253;254;254;48;2;254;254;253m▆[38;2;252;254;254;48;2;254;254;254m▃▃[38;2;254;254;253m▁[38;2;254;254;252m▃[0m
[7m[38;2;254;254;254m [0m[38;2;0;0;0;48;2;254;254;254m         [38;2;254;254;253m▕[38;2;127;102;81;48;2;254;254;251m▆[38;2;82;46;18;48;2;254;253;251m▆[38;2;132;93;66;48;2;123;53;24m▏[38;2;142;52;23;48;2;89;45;8m▆[38;2;196;100;67;48;2;176;69;31m▆[38;2;139;76;34;48;2;191;92;57m▕[38;2;112;77;24;48;2;127;68;21m▆[38;2;145;66;24;48;2;120;73;25m▔[38;2;130;68;21;48;2;175;69;33m▆[38;2;119;60;19;48;2;159;69;28m▆[38;2;102;45;15;48;2;129;68;24m▆[38;2;86;47;16;48;2;114;56;19m▝[38;2;125;68;23;48;2;40;19;5m▆[38;2;110;54;18;48;2;175;168;161m▆[38;2;99;45;16;48;2;253;252;251m▆[38;2;56;26;10;48;2;253;253;253m▆[38;2;40;19;8;48;2;253;254;254m▆[38;2;38;19;12;48;2;254;254;252m▆[38;2;39;19;13;48;2;254;253;250m▆[0m
[7m[38;2;254;254;254m [0m[38;2;0;0;0;48;2;254;254;254m       [38;2;254;254;253m▕[38;2;145;125;109;48;2;254;254;253m▁[38;2;74;45;19;48;2;254;253;253m▁[38;2;224;217;210;48;2;104;64;38m▎[38;2;199;129;102;48;2;85;44;16m▁[38;2;126;74;45;48;2;188;116;77m▏[38;2;170;72;31;48;2;196;123;82m▁[38;2;123;87;27;48;2;180;73;40m▁[38;2;128;88;32;48;2;173;68;34m▁[38;2;199;102;70;48;2;136;55;17m▁[38;2;145;61;30;48;2;184;91;59m▊[38;2;180;69;34;48;2;192;98;61m▁[38;2;185;96;61;48;2;139;60;28m▋[38;2;121;74;26;48;2;135;52;22m▁[38;2;112;74;24;48;2;131;57;23m▐[38;2;110;88;28;48;2;110;75;23m▁[38;2;102;60;16;48;2;122;70;24m▁[38;2;100;41;12;48;2;129;65;24m▁[38;2;64;25;8;48;2;103;48;21m▁[38;2;43;17;6;48;2;91;42;17m▁[38;2;225;222;220;48;2;50;24;11m▁[38;2;254;253;247;48;2;39;21;9m▁[0m
[7m[38;2;254;254;254m [0m[38;2;0;0;0;48;2;254;254;254m      [38;2;155;138;125;48;2;252;252;251m▗[38;2;80;43;13;48;2;243;242;240m▂[38;2;201;188;176;48;2;122;70;42m▍[38;2;180;95;62;48;2;83;42;17m▃[38;2;130;71;43;48;2;189;110;72m▎[38;2;179;65;34;48;2;199;123;88m▂[38;2;192;100;68;48;2;167;65;32m▏[38;2;141;60;24;48;2;175;69;30m▃[38;2;130;69;23;48;2;109;91;25m▃[38;2;168;95;52;48;2;115;84;25m▕[38;2;183;65;35;48;2;194;99;63m▂[38;2;172;62;30;48;2;190;91;56m▂[38;2;146;56;21;48;2;178;69;35m▃[38;2;145;66;27;48;2;172;76;42m▞[38;2;181;96;61;48;2;112;78;25m▃[38;2;164;85;45;48;2;113;85;27m▂[38;2;127;71;22;48;2;105;92;24m▃[38;2;60;31;12;48;2;102;65;21m▗[38;2;41;19;10;48;2;95;41;16m▂[38;2;184;179;177;48;2;57;26;9m▃[38;2;232;231;229;48;2;39;15;13m▃[38;2;121;116;115;48;2;250;250;249m▏[38;2;254;253;254;48;2;254;254;254m▅[0m
[7m[38;2;254;254;254m [0m[38;2;0;0;0;48;2;254;254;254m   [38;2;254;254;253m▕[38;2;120;97;80;48;2;254;253;252m▗[38;2;254;254;252;48;2;80;43;14m▀[38;2;247;245;242;48;2;92;58;24m▘[38;2;79;44;13;48;2;110;75;23m▀[38;2;109;60;20;48;2;185;84;50m▍[38;2;198;99;64;48;2;178;70;35m▀[38;2;186;76;43;48;2;154;55;25m▀[38;2;176;68;35;48;2;142;50;18m▀[38;2;142;55;22;48;2;177;66;35m▀[38;2;135;57;19;48;2;181;68;34m▀[38;2;133;63;22;48;2;180;69;35m▀[38;2;136;68;20;48;2;182;72;38m▀[38;2;180;67;32;48;2;197;97;62m▀[38;2;167;65;31;48;2;200;105;71m▀[38;2;137;52;20;48;2;201;129;90m▀[38;2;139;53;18;48;2;189;101;65m▘[38;2;196;101;65;48;2;178;67;33m▀[38;2;121;56;22;48;2;183;85;48m▐[38;2;128;68;26;48;2;99;41;16m▀[38;2;106;56;18;48;2;45;22;8m▍[38;2;38;19;12;48;2;39;19;8m▝[38;2;51;40;37;48;2;248;245;248m▎[38;2;254;253;254;48;2;254;254;254m▝▀▀[0m
[7m[38;2;254;254;254m [0m[38;2;254;254;253;48;2;254;254;254m▂ [38;2;250;249;248;48;2;142;123;110m▊[38;2;83;42;13;48;2;232;232;230m▅[38;2;127;68;38;48;2;182;166;157m▅[38;2;189;98;63;48;2;85;44;16m▆[38;2;182;83;47;48;2;99;60;21m▆[38;2;180;67;35;48;2;123;73;27m▅[38;2;167;63;30;48;2;142;60;21m▞[38;2;143;53;19;48;2;178;68;36m▆[38;2;181;88;53;48;2;149;55;23m▆[38;2;192;99;63;48;2;139;51;19m▆[38;2;119;93;30;48;2;165;69;29m▅[38;2;111;92;24;48;2;169;72;29m▅[38;2;192;102;62;48;2;181;72;37m▅[38;2;193;105;70;48;2;181;71;39m▆[38;2;198;145;102;48;2;193;101;66m▆[38;2;197;133;93;48;2;183;97;63m▊[38;2;179;67;36;48;2;193;123;81m▅[38;2;163;60;30;48;2;189;103;63m▅[38;2;140;51;24;48;2;173;64;28m▅[38;2;102;43;12;48;2;148;56;27m▐[38;2;96;44;12;48;2;97;42;16m▅[38;2;116;49;22;48;2;62;29;11m▆[38;2;128;50;23;48;2;38;21;4m▆[38;2;66;30;15;48;2;185;179;176m▅[38;2;37;20;12;48;2;232;231;231m▅[38;2;121;118;114;48;2;249;249;246m▏[38;2;254;254;254;48;2;254;253;254m▔[0m
[7m[38;2;254;254;254m [0m[38;2;103;86;76;48;2;249;249;247m▕[38;2;254;252;247;48;2;81;43;14m▔[38;2;209;198;194;48;2;113;68;38m▔[38;2;86;40;14;48;2;196;126;85m▔[38;2;131;67;38;48;2;187;104;61m▔[38;2;201;100;66;48;2;178;67;32m▔[38;2;146;72;27;48;2;177;72;37m▐[38;2;165;102;63;48;2;138;67;23m▁[38;2;144;74;34;48;2;186;115;73m▍[38;2;135;54;19;48;2;198;123;84m▔[38;2;191;110;72;48;2;178;73;38m▎[38;2;199;101;65;48;2;176;67;36m▔[38;2;159;86;49;48;2;118;79;26m▁[38;2;155;88;49;48;2;110;80;27m▁[38;2;177;97;68;48;2;195;123;84m▁[38;2;156;81;52;48;2;197;119;86m▕[38;2;207;145;107;48;2;133;53;21m▔[38;2;196;130;92;48;2;135;55;22m▔[38;2;174;69;33;48;2;130;65;24m▔[38;2;157;63;35;48;2;117;58;23m▔[38;2;136;53;29;48;2;98;43;14m▔[38;2;124;48;21;48;2;103;44;16m▐[38;2;100;42;10;48;2;132;50;25m▔[38;2;148;133;125;48;2;86;37;17m▁[38;2;188;183;180;48;2;54;24;9m▁[38;2;79;60;52;48;2;223;218;217m▎[38;2;30;22;17;48;2;253;253;254m▔[38;2;224;222;221;48;2;254;254;254m▔[38;2;254;253;254;48;2;254;254;251m▀[0m
[38;2;254;254;254;48;2;254;254;252m▔[38;2;126;109;101;48;2;250;250;248m▕[38;2;254;253;252;48;2;80;43;17m▂[38;2;210;200;192;48;2;108;51;22m▂[38;2;87;42;12;48;2;179;67;36m▂[38;2;84;42;10;48;2;160;67;28m▂[38;2;84;42;11;48;2;129;66;19m▂[38;2;179;110;73;48;2;124;64;23m▐[38;2;136;54;25;48;2;197;128;90m▂[38;2;185;104;71;48;2;168;66;36m▍[38;2;140;50;22;48;2;180;68;29m▂[38;2;161;65;29;48;2;131;59;22m▎[38;2;113;75;27;48;2;139;52;20m▂[38;2;102;44;15;48;2;187;95;63m▂[38;2;100;42;14;48;2;194;99;67m▂[38;2;101;44;12;48;2;142;52;22m▂[38;2;94;40;12;48;2;130;52;24m▂[38;2;42;18;6;48;2;96;42;12m▂[38;2;42;18;8;48;2;97;44;15m▂[38;2;43;18;6;48;2;97;44;16m▂[38;2;43;18;4;48;2;97;43;17m▂[38;2;43;18;5;48;2;97;44;17m▂[38;2;150;140;135;48;2;69;32;14m▂[38;2;254;254;254;48;2;40;20;9m▂[38;2;102;92;84;48;2;247;248;246m▍[38;2;254;252;249;48;2;254;253;253m▔[38;2;253;252;251m▔[38;2;254;253;254;48;2;254;254;254m▔[38;2;254;254;253m▔[38;2;254;254;252m▔[0m
[38;2;254;254;254;48;2;254;254;253m▅[48;2;254;254;254m [38;2;254;254;253m▁[38;2;162;146;135;48;2;250;250;249m▝[38;2;83;44;18;48;2;237;236;234m▀[38;2;238;234;231;48;2;92;59;34m▖[38;2;78;44;18;48;2;81;42;13m▂[38;2;133;53;26;48;2;87;43;13m▐[38;2;137;53;20;48;2;137;52;24m▃[38;2;175;62;37;48;2;140;53;24m▗[38;2;179;66;30;48;2;142;52;24m▃[38;2;49;31;9;48;2;117;63;26m▗[38;2;38;19;9;48;2;104;73;27m▃[38;2;37;18;9;48;2;94;46;16m▃[38;2;37;18;12;48;2;94;42;17m▃[48;2;95;42;15m▃[38;2;140;121;111;48;2;76;38;20m▕[38;2;41;19;10;48;2;236;236;236m▀[38;2;40;19;11;48;2;237;236;235m▀[38;2;40;19;9m▀[38;2;40;19;7m▀[38;2;40;19;8m▀[38;2;51;35;27;48;2;245;245;244m▘[38;2;254;253;252;48;2;252;253;254m▃[38;2;254;254;254;48;2;254;253;253m▅[48;2;254;254;254m [48;2;252;254;254m▅[48;2;254;254;254m   [0m
[7m[38;2;254;254;254m [0m[38;2;0;0;0;48;2;254;254;254m [38;2;254;254;253m▔[38;2;254;254;252m▔[38;2;253;254;252;48;2;254;253;253m▗[38;2;156;136;122;48;2;253;254;252m▝[38;2;254;254;252;48;2;81;44;16m▅[38;2;247;246;245;48;2;98;60;44m▖[38;2;42;18;10;48;2;140;52;24m▅[38;2;42;17;9;48;2;159;65;33m▅[38;2;40;19;8;48;2;172;71;34m▅[38;2;209;205;202;48;2;76;35;16m▅[38;2;254;253;254;48;2;41;18;15m▅[38;2;254;254;253;48;2;41;19;12m▅[38;2;254;254;252;48;2;41;19;11m▅▅[38;2;253;254;251;48;2;70;58;51m▅[38;2;253;254;250;48;2;253;253;251m▎[38;2;254;253;253;48;2;253;253;254m▔[38;2;253;254;254;48;2;254;253;254m▗[38;2;254;253;254;48;2;252;254;254m▀[38;2;254;254;254;48;2;254;253;254m▖[38;2;253;254;254m▗[38;2;254;253;254;48;2;252;254;254m▀[48;2;254;254;254m      [0m
[7m[38;2;254;254;254m [0m[38;2;0;0;0;48;2;254;254;254m  [38;2;252;254;252;48;2;254;253;254m▅[38;2;253;254;253m▞[38;2;254;254;254m▔[48;2;254;254;254m [38;2;148;143;139;48;2;249;249;249m▔[38;2;39;22;12;48;2;244;244;243m▔[38;2;37;20;9;48;2;244;243;244m▔[38;2;34;21;9;48;2;244;243;243m▔[38;2;207;207;202;48;2;251;251;251m▔[48;2;254;254;254m   [38;2;254;254;252m▅[38;2;254;254;253m▞[38;2;254;254;254;48;2;254;254;252m▆[38;2;252;254;254;48;2;254;253;254m▅[38;2;253;254;254m▞[38;2;254;253;254;48;2;252;254;254m▆[38;2;252;254;254;48;2;254;253;254m▅[38;2;253;254;254m▞[38;2;254;253;254;48;2;252;254;254m▆[48;2;254;254;254m      [0m
 [38;2;0;0;0m                             [0m
[?25h